function z=junk(x)
y=x(1); x=0.2; 
z=[-877236+35.44*y+0.034*y^2-1.9e-5*y^3+0.093e-8*y^4-0.456e-13*y^5-0.86e6+(182.98*y+.038*y^2-0.939e-5*y^3+.122e-8*y^4-.656e-13*y^5-0.058e6)/x];